            BubbleSort  InsertionSort   SelectionSort   MergeSort   QuickSort
n = 100     0.000053    0.000012        0.000032        0.000047    0.000029 
n = 500     0.000812    0.000153        0.000412       0.000183    0.000124
n = 1000    0.002939    0.000595        0.001453        0.000366    0.000251
n = 5000    0.020332    0.014081        0.023156        0.002191    0.001445
n = 10000   0.103193    0.028535        0.053947        0.004083    0.003117
n = 50000   2.947915    0.336396        0.752872        0.005471    0.004045


Rselect 0.000005  0.000010  0.000016    0.000064        0.000123    0.000536
Dselect 0.000029  0.000133  0.000266    0.001365        0.002569    0.006387
